-0.54866385801729533611
-2.20044947106973820539
-1.26313736748278038213
-0.41637821672086028357
0.32685759013870324674
-0.84407027501818321369
-1.21423342044140847307
-1.10618185055656037541
0.79669502537248482188
0.27735263156456863021
0.14355200042665464122
0.78040128915311679503
0.85744141584778466036
-0.62563808737059878329
-1.72288727877648684128
-1.45784225481136986424
0.90082452063474804937
0.47081286665054050689
-1.39360567398765788916
-0.41466899349013669474
-0.06405045877100121188
0.11802218031775595086
-0.06115360339874936074
-0.83102331854076816331
1.10352894723569305846
-0.49987717607725989932
-0.94944304195501372234
-1.96126240574363475133
-1.27565586154008991926
2.75655150458055153706
-0.59723825891073489824
1.48354042113780137946
-0.52071683434320814587
1.02198853171776926629
-0.59433792197585544326
-0.71101538731114077851
0.35456937958784640053
0.15955628858157688832
0.69437041138545763097
-0.50459751505914374192
0.55838286849435692094
-0.69979881678268041068
0.82463133893808682195
0.66336127918856546692
0.29680808315314949342
-1.05716004125082752019
-1.65004305167980502844
-0.60023298130976598941
0.12418564197031645158
-1.53679662968742736240
0.51327010882910240053
1.61258497820209356632
-0.47037837040323626780
-0.14514822175264402437
-1.02904369252278171665
-0.05852469461207091689
-0.88189688631396923046
1.03380457639210887599
0.77009274380139036698
0.23303240369357902662
-0.28218494838388807899
1.63061990066601092408
-2.15799066403893702315
0.35223267414512487994
0.67157231253558502537
0.04549898324655814175
1.32251282554862847896
-0.78295235801342355497
0.06076107489033171632
1.36494572393844726399
-0.89554054842484887011
1.26009217681733409755
-1.76693208904717580232
-0.22884447109717276359
1.42819992627736791491
0.55063630294010790234
-0.00520087345918973827
0.25776910864655705469
-0.90644807087008338886
-1.49665016788253302238
-2.08678260394508097164
0.60513657194453829291
-1.92129750382366903949
0.39432866599121518814
-1.81099116846337904185
0.50256570426954116915
0.27512627984542420423
0.16586622171059772768
-0.38138182408484988528
1.25642763993948247681
0.84388127560272740979
-1.23589732903810145537
-0.52102610988745567955
0.41518538800762705421
-0.37914643055070640365
1.07465832935436012008
-1.25926384643998301449
0.52450293132284697695
0.72448931533633720292
0.34523529204630432066
0.24724422188758446439
-1.35668971142120420303
1.66391271165901466489
-0.13997829482313031702
-1.26615209584697430145
-0.98969417078437560420
-1.44571221342613220884
-0.93484119693832734566
0.61114082298354577283
-0.33026247850989937094
0.19053470219710588740
0.80824223419288732106
-0.66719912266838443671
0.75730234556974296289
-0.18580498338275777681
-0.29645368787050413451
0.33022331052917086591
-0.17392974078985398712
-0.57896963987797611662
1.70021208670548618080
0.04845372317624918601
0.02176925223187462649
-0.40405297109714832793
-1.46924374645130972894
1.25158958440742229534
-0.96266424760566904339
0.11356526698256168284
0.05652480247538942126
1.14785617682984275589
-0.25307599010479953083
-0.81837056240154126829
-0.56551238542687642941
0.13718861688685973776
-0.19066177639429462976
-1.47157340985995732652
1.03394832170820927253
-0.47896614701900458444
2.52219346202347294295
-0.01494448656102120507
-0.25444898886847316932
0.08569897695536517201
0.22127395666805244057
0.54758698852595411033
2.62685592267251877274
-1.94297831928817621439
-1.01226031633861257575
-0.68403571539376262223
0.30799787454418292576
-0.37565020395018500210
0.56241653553784198838
-1.39043735807912094415
1.15489052046223017456
0.26491873953298084032
0.32984232911495137142
-1.22996899926529645874
-0.59541687292751821481
0.16420461122000126752
-0.76547829911849230022
0.81568022559567643359
-0.63537136384725589888
-0.78864637865300668551
0.46723594984214361636
-0.89565512052846063540
0.96975744858125811909
-1.51383878366300650420
-0.73265909049589617030
2.03439453006691728376
-0.84930887840785151965
-0.46652765253674349788
0.27780499179177309266
0.35613228911589961401
2.92856814963838196775
1.39974017211125167925
-0.50699892535454504916
0.66435301368504851016
1.42137375098826734821
-0.04925729880032001656
-2.42801655841963048843
-0.30705839683064373169
-1.29908184034599138990
0.58473358590971380444
-0.10841183974380125266
1.04900842431230745255
-1.01469728168895612086
1.15346374697829001654
-1.16217792474584546980
1.51299573953752175548
0.17966752392605800370
1.19312192967137442601
-1.42725345242983103766
0.86346467890149036783
-0.59426704024435528240
-1.53866554344159767176
1.26197652196379506151
0.41079930370743150680
-0.15799744164012033409
0.22819210869309913825
-0.48414912122422915086
-1.36161485046518748732
-2.11188116141176251972
-1.71634120597440165135
-0.46950196503934371606
0.67212877855379904446
-0.10497435401867885596
0.13431012242738918361
-0.45454315220149804633
0.31267131812640508448
0.81416798443955873399
-0.74520487169709170860
-1.26742182861167584917
0.54361738230732803423
-0.64421624949407474414
-2.21430823978276070108
0.24642269935134455960
0.59808226344302672928
0.70321540171501728533
0.37072847481039528095
-0.07930783421334257344
0.12338864073020662515
1.93538625866829172573
0.04626428453613616598
-0.35153998087022436669
1.39183715347990699662
1.15719599400991168814
1.70808650518671356622
0.96541903593997291377
0.55859940483064007832
1.39018975402198252667
-0.16579560216149577534
-0.29064306830674963011
-0.80560576734197286708
1.73420988434662071143
2.34852429211357005556
1.01725023081714538442
-0.58959323727916745916
-1.20314637157668924416
-0.90177154401976489240
0.05730205076182371543
-1.28630994433492329421
-1.55097821087867315804
-1.50756460173164841265
0.44980455590922335807
-2.03998546666247904113
0.49192441885128207479
0.42321467629856968085
-1.05594893936857125993
-0.94600641214620950770
-0.57888600423218405933
-0.63767155490748494984
0.84699538842255195359
-0.14347381355894306409
-0.85153341462379739113
0.50432182592521246356
0.98011101396043798228
-1.72579261634368719136
1.20395624466692852117
-1.02978417573648917127
-1.94483270449502487764
0.07484997873275278657
1.13093805405664404873
1.22388740054469447038
-0.39313817244324156253
0.68963369903986404541
-0.12402696044623440219
-0.19195556225688487073
1.15045951716846550639
0.23870605033406888662
0.96168173117871913469
0.48983090219114239217
-0.64479880348976925664
0.55090904001236062904
-0.15430390995581455549
-1.22511248325259347602
0.20443711162073804899
-0.00741530745338543802
-0.52419626159837795498
0.11822930021581969096
-0.84747903249938039139
1.90258610901377323010
-1.59532831675900133028
-1.54035499499277239721
1.05125586302556106588
-0.76744014808418015150
-0.63953560202328119111
-0.63804745152795749874
0.89713150759186988115
0.11864784500828415292
0.49702740513453652627
-1.86001925023194281117
-1.78198277113789171899
0.21871406808231072527
-1.88046188566869876269
1.90033356977373135699
0.32030962989433642285
1.30653089633702945704
-1.77231348517455411518
0.53215470780153906194
0.49022700979634886709
1.14512578436023892969
-0.34801717253825759091
-1.36813963268595939482
-0.71793992820399887833
-0.52624952720854578647
-0.32370949787356795291
-0.21315445391897611116
0.25403677625893233971
2.10263134154790831687
-0.83639876915386413003
-0.66768291951277547458
1.75361398024586634392
2.46704474174338317383
-0.73287131103515956720
-1.91402400172472741957
0.49581826890071045710
-0.70424458877122930733
-0.07728723980285935602
-0.09986427449726621719
0.32242762185111789597
-1.30839357680548662444
0.23714292292595140488
-0.41741834919331410880
-1.48982558417926846950
-0.14191504948735997327
-1.04598446587685622866
2.86411223766981715144
0.05020539890222989327
-0.09858113496819542743
-0.23011711222349578998
-0.11775066340914285001
1.21709875927995625489
-1.38660079946532377448
-0.76783114904432392400
1.01303388380529724166
0.47008516272566269745
-0.19306267921221118011
1.35348110105131502756
-0.09989813876814855609
0.94912280601123011348
-0.00315151864242884478
1.79006204137240598762
0.82889387419885096620
0.65164076960393768623
-0.85585967602819712496
-0.44038290616938924327
0.38479045320485255610
0.28909836737240596216
-1.42656725748768775652
0.27681037757766574492
0.35363945804511903725
-1.76640982432095849930
-1.15124851070911060624
1.46133133065571474418
-0.54420633984740296452
-1.13149732204753816767
-0.36034829804827867017
1.24835285695015185681
0.42880960158628578238
-2.25040464828349673354
-0.55121044735536817161
-1.59118047470345480576
-0.61115339087238906846
-1.90001304302059836893
0.66874777601116797143
1.02810389763924381334
0.84533553979969988657
0.99973006212856863062
1.24439708823615080568
-0.81468367948973940962
-0.50899778614790558429
-1.38599712954838594214
-1.96614566867498985481
-0.93537225825550018854
-1.31308959443432904379
0.05343760606259674584
-0.37490690500165257948
0.43609880560662783733
-0.93372724757486735836
0.33980087135565850698
0.19537791362682713214
-1.63979682786480163159
-1.95895646210914686769
-2.33366333750710541750
-0.65502942086288107326
0.08371895090399535111
0.51140892301105267403
-0.99466884848312553391
-0.42481971629488768372
-2.27086864958341561049
1.78237420412520330970
-0.78720640773993399986
0.37491674430599897239
-1.60313805416407784143
-0.49254879558254960337
0.95967299790341964449
-1.21185477718830081351
0.49875464831339844096
-1.18116306569772766544
0.64724695884763505660
0.49358887885463559320
-0.12356199934568734555
1.79409769462845170018
-1.60681804802467742554
0.53606240371442481774
1.78071644663212103055
0.31076899685989289868
0.70805626948943334309
-0.18574124346567469357
0.88158431462034192450
-1.79644241593153930481
-1.13168570398025813972
-1.09008686676595378806
-1.14527494349660741157
2.39338810273193525191
1.73049314199326920161
-0.61965773629847731296
0.44178393017324152359
-1.65372156806403158846
-0.70596551264608842224
-0.29230836653739106223
0.30543324487944056855
1.20389732373835922630
0.61718555644256234416
-0.01979052266449612268
1.24246511120442648668
-0.18405786447947278250
0.65495030813691301752
2.03425484267029643703
-1.17000720780808142862
-0.28067480668776573216
-0.97948786247179231435
-1.56864241356043310205
0.99012363797327251902
-0.46148404490924083143
-1.70168722386254289702
-1.02407312890330692845
0.98550279610967939092
0.64679299534623868606
0.11264979809598334171
-1.58515790584157723053
-0.52040888738235768773
-0.96231119061922743008
1.33872943566353153066
-0.66243226161325396983
0.85116836308871401950
1.69543848436192501339
1.33725140707842227172
0.62179488995532561368
-1.28959162919271252967
2.32407003575440374021
-1.32158781490853649565
-0.68622949111496356345
-0.01634530432957340476
0.74667411632555324985
0.27343955010222636970
-0.80306732557676063777
-0.99466517520630859384
-1.50179132083092548022
-0.38123492735795305730
-0.28794079176181025526
-0.14042618686802621486
-0.38112652514826522721
0.50336895754054833407
-0.14050087666789470853
-0.58665004324681735426
-0.27689290772872948709
1.63961347922781763842
0.06504924877720934251
1.06131821013624327854
-0.38020842869229226624
-0.70132693385226019256
1.39322200246518734801
0.61194361007888031789
-0.60335855192489473708
1.37582872301161263096
-0.23637126523834411929
-0.06636924090391177478
-0.05040683482266156840
-0.15513380603239995681
0.28353999030577786700
-1.43078956599893380996
0.54909288225140584494
-2.45686479296176152332
-0.01707323969891700460
-1.12383507231086698930
0.45715691032290761697
-1.00999892543903713182
0.86800269626276183033
-0.70261876148941737608
-0.94272644991111120838
0.27236494322638538090
-0.36431860247714525913
-0.52640196357863255905
-0.55485253296428327374
0.84721690745444200310
-0.49266561915046347409
-0.11312990191874985890
-0.59593996292173012641
-0.17656645283062147311
-0.78824480430953380861
0.51581046655364726217
0.26463551548756147902
0.84728859215897256441
0.25337552060102802587
0.32694822230651976458
0.19068722992782538572
1.54738715666563275697
-0.12695316700121603293
-0.35968214669722964327
0.27996914135079836727
-0.40051884778731072778
-1.32411540894395796109
-0.59530472038450521488
-0.55749907822482469566
0.46938408989060387277
0.53232207385480123651
-0.20823411344825859537
0.23293791274331612784
-0.89096263990464141802
-0.09814019664188584902
-0.30549564160307862704
0.69248552546181207923
0.86393471887782391505
-0.54893768521772956515
-1.93012564505486317046
0.06074183253692696377
1.16890836671724795970
1.11446157906594200959
0.62718792467527373358
0.99231265727993644976
-0.93122270675802720774
-1.25686846925590445245
0.45919768513589520609
-0.15412064498293420733
-1.18580480470661941972
0.70585599563822065683
1.38024299987374532428
0.26077081757429171338
0.28013234232071759777
0.12415288775300856172
-0.70751034398960277461
0.02044336853068805943
0.85536366873528324462
-1.14276113080324837057
0.95370026723746248454
1.25613241932009866986
-0.08629688924007733464
-0.11490025463960602814
1.37088609838353381321
0.47385568987609988367
0.44453398518448539178
-0.14975210729035129398
-0.81615669578247973526
-0.45133046598212916978
0.41761967243165987185
-0.91763630409951135736
-0.03074745211004999840
-0.73604391958449388866
-1.34095100522014254452
1.63000438997827745702
0.86952813809638651588
-0.20624950216977638862
1.14723638946522954463
0.08307476820145927310
0.47219578350997565286
0.42932425503058346816
0.30212539714360575616
0.01314154028471730545
-0.01097419778564750516
-0.72333655286304576748
1.17838728941870751754
-0.29806254384263514146
-0.04178248499416280237
-1.07338279483444321016
0.03131168755013875871
1.50022426425723254262
-1.11253279172082586435
0.72117650568139535228
-1.46470679000295600503
0.53605230351397925581
1.53804876904196463627
0.12407642846580481388
-1.15510327827249037469
1.71887536195279122531
-1.05003360521263400251
-0.67297077194920595922
0.43811040089129782427
0.37505748886972323231
-0.07674093376632519503
0.25308988991308134509
0.43742273516690366453
-0.16887391162272494260
0.26569502217257823240
-0.37049845286082999651
-0.52017038899569623123
-0.51095299812642558379
0.07894819402765511362
-1.00999850945520353029
-0.69852852615915428380
-0.12050401381804008716
0.35762582561158168248
-0.20454974787020493987
-0.00245295590561614733
-0.62979747602055713429
-1.52140203440815247049
-0.60375258076342819269
-0.59243051707109783965
1.43032408564689417219
1.02431461148192837207
0.50968010552677733838
1.22277526925385915391
0.08202334753117253296
-0.56890339787324750720
0.85832024478225532604
-0.67835736646846989117
-0.78068492760586849499
0.54239016691065045084
-0.58168994617295910476
-1.04212086623682509412
-0.78698941396589783270
-0.63732904421474900758
-1.37133667630441169472
-0.74221741847226962996
0.52699942860762216679
2.16496649463342993869
-0.58727509728701565717
0.59861483620434530195
1.78006339581892314428
-0.01583428842391483224
-0.37948237448349897427
0.20994587816083132292
0.20786815441669778681
-0.82260348824227058628
0.11369530445673368957
-0.59269195595038370872
-1.09720650390779961292
0.11850935204547990987
0.89908607653772576462
0.59775608419580394948
0.00174669972935613234
0.70274848862247130121
1.07915798787716799012
-0.14079630357573996724
-0.32780287980943673132
0.71165389315261806669
-0.00837290488832232588
1.86865152709162174460
-1.29595644426408362904
-1.49344807770483312126
-1.06278230030140785622
0.13878447963028286982
-0.05809502842262422029
-0.23808177987575621093
0.93604198119327541860
-0.15247665186722114683
0.51616698247499881447
1.62745578915091293482
1.15814676477614919570
-0.48767855833143347599
2.21982505984415023903
0.97198481731573493914
0.23162882549762989215
-1.06478143865231533738
1.70289113420955606770
-0.11159709489312868991
-0.11385477316120026781
0.02937926693830701305
0.22602756574689125690
2.21280110575576394183
1.35253861143947795576
-0.08034119560610659960
1.58945038952260420118
-0.35170235947553363243
-1.06674382569147296884
-0.45563588938361843095
-0.60705960408187464861
-0.12468332875103836643
-0.06868570723571315595
0.82619328387124868485
-0.70499327317640481105
1.00022155879891117003
-0.30637382862419965113
0.51181871144419399666
1.83868231157682715526
0.13594850387650991852
0.50154132277654994709
-0.69389297409715455789
0.23200095711635357332
-0.78867015404782592203
-0.17164260067527298270
-0.70763114729287857063
0.09040314347726052802
-0.88092806454908767488
0.85711512711122983532
0.26380177210197819360
-1.28276617759647781902
-1.95944619633804650860
-1.50483885474241674274
-0.93375384293467245111
-0.01111980126986551222
0.38332915209738177564
-1.20997169852022601333
-1.79280633348584084175
-0.49830025113600590059
-1.70918963059247519531
-0.23967008256455121784
-1.15644415935722633115
0.44469859809728645716
-0.63905005286071581150
0.06640374431326571958
-0.96495365313935921314
1.73496476955279299581
0.08589027009047148220
-0.27690333974248904081
-1.32654133021848785745
0.34015664376245025036
-1.09446152590286960304
-1.16770818193357728276
-0.70733827227597356746
-0.66523728289479133746
-0.62212877565754687303
1.66060161219815238809
0.64814348652469588874
1.35624576135116958753
-2.67904059953279505280
-0.27661295979064032258
-0.14984182478483126788
-0.32285545961695488737
1.64855875052036071615
-0.51739008767872596284
-0.81027852693535840078
0.31797668097282510979
-1.24507287290930035439
1.62726327911723500641
1.00987079774405819066
2.33068452958145710951
0.55426899409434315924
0.20457132560921031939
1.23860374975277420795
0.13526060679412452159
-0.01945970489882152890
-0.94395749168399112339
-0.77419537327704590624
-0.03704261204292247367
0.66191941662422437709
0.97841340843812607542
-0.65495872298266888389
-0.47261012270617253073
-0.88411084979212772872
-1.24851497108112141632
0.29240126928670978623
-0.29845464116567577140
1.33598493760880598913
-0.43119086529475131320
0.87400293015164376431
-0.51167026441740370846
0.45161407539103248787
1.23045310227055071373
-0.18563993854849508702
0.21771771375231155354
-2.63319131246018089954
-0.47142759281787310899
0.19991101706335906441
0.11032658346098193902
1.66221231010934999972
0.34057783246274087041
-0.00164433449450915358
0.52209910973526774125
-1.29266936466610915524
-0.46784705397416792572
0.49658223184293298624
-0.23293107594175360697
-2.39379008986868990760
0.72308293835951031880
-1.36841844954131786061
-1.26271213254068981335
0.42563482256520968061
-0.24297861281532226463
-0.77938047660352438584
-1.57963261883393935037
-0.62230983440115694716
-2.18726940214806031548
0.35474182322103481324
-0.07532718323376987046
-1.30568519773958446883
-0.19739404136363039588
2.93705097010392490731
0.22323416769072498833
0.39845785523343890677
1.61019978882943237686
0.38616127052208221171
0.00970779679204753117
0.07250049244224537892
0.31919403444423788407
1.07086159535696734402
0.30083217620640645418
1.17218874167709063983
-0.10941481787677739823
0.82724211808253755862
-0.51982789195458545262
0.85302652326397676585
-1.17512011965285911863
-0.45440037079777617635
-0.50610877686842692391
1.80369268603739474344
-1.01274818275146394342
-1.24028918439753299552
0.26656499177116543819
-1.20775229087486635215
-1.05007241226139469426
0.46866581435918819309
0.28290000782354113307
1.34119715607637357557
0.38059744210391377450
1.43543060908630004668
0.79958787215739823839
1.62856053724957128281
0.12910684370037595059
-2.08476392237337204705
-0.64711448165661566989
-0.25173220828818304584
0.19021642647440337170
-0.46754234321433402188
0.53073959381039337302
0.24465581290307600315
1.94642854528617714749
-1.27705422974603455266
0.00745750914152458130
-0.36345546654568328115
1.26683595798920944908
0.53803734271726244565
0.80682463408306082098
-0.11147142440200120961
0.91289220940618276412
1.52463174878390295142
-0.69236505840306161730
-0.90247493945892220957
0.07039383618448163960
-0.68846681923523778135
1.23090169522385473044
-0.27455893937790226689
-1.10359934063450748631
0.08119567041379453787
-0.78574973523222602090
-1.46355138717648181057
0.39684509899147385470
-0.56428698943452026970
0.37816162196682179264
1.17049169873215497262
-0.04581175916127144809
-0.63506098220112716657
0.33138332580543233830
0.88218778692648780471
0.41854444369129595316
-0.04054841502960762623
-0.07014357509554951242
-1.01465244349844008198
-0.13374672539822352046
-0.04080044338788321734
0.60276839168664497759
0.78226052525099520896
0.21463862207373712865
-0.80977924482917862381
-1.38526121012360126095
0.09087413580499552335
-0.21402202594590391538
0.15086822851381828658
-2.35541823205350020487
0.62013810661776980204
0.31062176599409541122
-0.09078039892919174958
-0.39692323242145560735
0.59467670997522448229
0.22019319162365347253
-0.71650512001147914631
0.01174196181712323928
-0.95500420386526607697
-0.77834275384760720495
1.52876054000822225731
-1.86834690727352481510
-1.22095456464583218548
2.65015753976600354491
0.09492516489190776230
0.39623363392851035369
1.35753675294858533462
-1.94114651212168953798
1.76058805761720038596
1.06024033124182048837
-1.04679121759750448639
-0.27202595964858278244
0.43686657526640865212
-0.86578649558751064053
-0.64002049930635740438
-0.51927524611991104919
-0.14848230097290823770
-0.65086428666442186497
0.59967324172573099883
0.09409393050745357145
1.38123515083121239932
-0.75482786670990142941
0.96751739733055985848
0.53895667575463446219
0.64308992106357520946
-0.09118643315844333908
-0.08268953705944706578
-1.33511267738392414017
1.17328005822681125103
-0.19013959101583380318
0.39566888580935832831
0.74471539433965328048
-0.25063303984338214381
0.16538001659053458425
-0.43529821458397677247
1.17081895487129350464
-0.90918068615503544461
1.30144916626211926136
1.04137150613509410491
1.47522607443786268888
0.28668724163027409224
1.44616922955198079492
-0.06000324021719093820
-0.15847040881965973602
-0.42483704280348394411
0.45472119297266183624
-0.41482567104709988648
-0.05855434108460296633
-0.25315762177775413821
-0.21319689905093794358
-2.12709626427085352063
-0.23553297404138442972
-1.70819955074014862006
0.32226271203730766368
0.73986653186048567665
-0.69740504462332275626
0.69170422218272131776
0.42789486036986212891
0.01239001444434412527
1.75592620629207307736
0.77168161880949315279
-0.03112521150194312233
0.70126825713051377242
0.64984283184773738995
1.68432845319874968659
-1.38980550981188200055
0.72903727993248157446
0.20377785146348620371
-0.90413534727696043269
-1.65843345206564207750
-0.89092364716964300708
-0.09577589535419742117
0.40850471383638314871
0.67385837048991925613
-0.31734505282336672449
-0.23122192778791636480
0.67517221543120486960
0.83125143859215511188
1.20218980786494689106
-1.89809523391431489436
-1.20745038620026234888
0.28613237486723686054
1.05125207095779749089
-0.89574840900884433736
-0.29006101485773100324
-0.45589562350194834384
-0.06730445670073745279
-0.45279376863582032620
0.75751173783320591149
-1.55020707787621914164
2.02126460331510893198
-1.36371320552332631060
1.00877504208861634716
1.15742965942022713044
-0.16656809858996213247
0.17993541047532726762
-0.44885170244739008849
0.78508403485861755211
0.32049179687038276132
0.23095884188474821719
0.85975245152059454057
-0.08490508130847990165
1.20149281336828139821
-0.02332747556243887355
0.69358460448686598543
0.07669893885389804378
0.51502676871245134382
0.18114278526537450076
0.58881674094322256074
-0.41960389996018682135
1.19830788879062977159
-0.33766671272014181504
0.36771543806078021976
-1.13580487451784528652
1.38062979589097856170
0.84611033702391724720
-0.29986268754679312742
-0.88634452189110124465
-0.37772478762668049157
0.38201004601962479379
0.42905146371110391978
0.67512767449421384747
-0.55145161956321298025
0.04163754773175219748
-0.16763332509029307826
-0.61590559146667833712
0.83675514703571196584
0.36015916296221178738
-0.33964666912064045423
-0.39886361194482572445
-0.02813109578014809029
-0.69522127573904357600
-0.89398166210617213689
-0.07023090546854275640
-0.39428809044235696435
-0.29155440139531302313
0.44733790162570907789
1.75418262250275747149
-0.81575547898361822075
1.87132912497853620692
0.13456012609851661366
-0.67643468749630930592
0.64947002502813511171
0.39216233181048892886
-0.54153115164540632787
0.12658078282091672628
-1.43360013130046626273
