-2.56110885712967872863
0.30415052798244140986
-1.08325016040502819514
0.63479976709689489578
0.60291496559466462024
1.01821648915761997500
0.64605620122907669867
0.77143489301795342694
-0.27783098585584642404
2.24075152300168056740
0.26779432514914702779
0.39958604575472700393
1.31947407498272584192
-1.04338177367873208290
3.03153128676634020522
-1.21610322275469218134
1.42696805953897398744
1.33549138523363075670
-0.66763802067763544645
-1.97151647264771723300
-0.91385614044274321444
0.16003595706841761137
0.46475966922179112739
0.31580282660357494873
-0.47079314782634079650
-0.05831896221290304438
1.78993101317942238104
0.42951896553544210988
-0.21090906157616459704
0.01879870109782338233
0.95701152218342999678
-0.31752495645620343323
0.83674116635697071143
-0.80308842725974172172
-0.71092806381271700378
-0.80069162536964411103
-1.81628071346573771727
1.42904837837663478695
1.23929396760331700378
-0.68490459947059256773
0.52727556507710959810
1.35469544835407651462
-0.85518435395252145881
-0.97828386523176957823
-0.41436646415616845696
0.97628181992731333239
0.28622747264252562660
-0.16005127133677160556
1.10144116291089444459
-1.09652918725822789980
-1.04861526035125640632
0.01883872468583689536
0.37281870046465886981
0.31378154329327662131
-0.94409020143873156883
-0.40912036515499905498
-0.25443654444618135635
0.18957986313521024702
0.15220577229698029065
0.21972716416052004429
-0.74604331516691502202
0.56204145097674407250
1.04971225950855240328
-0.19879487887667474100
-0.34434920882459429947
0.50484765014151711249
-0.82697995560645887192
1.73855094722681058350
-0.78758676239755198711
0.02235034147306878133
-0.78340975621279307362
-0.44915061661117666736
-0.15595775101234499171
1.02232265879053230151
-0.41010965711641417242
-0.03214929391199605052
-0.16094871096928431431
1.20001966728387943206
-2.01056314940377411915
0.56477182112653012691
0.07779524780033567066
-1.45791538400328235525
0.02888772541170484334
-0.07335330158295753911
-0.02722187404644298842
0.61653778715696649915
0.01497663605891427600
0.69066821446416870600
1.71905755922225633725
0.69547881210061301971
-0.12086645082354922909
-0.70777206171934381462
1.84181723583486611773
-0.38175007543759981177
1.04900515460642229648
0.85534753681187913887
0.67597531334262372926
0.38989602750028945488
-0.56865949620607181281
0.76934464339304375891
-0.11494592476180598428
0.01970878415015684532
-0.03241812177788609001
-0.45264740406805664685
-1.19105694510243953488
-0.41852350697444773431
1.23770889544282014505
2.00425013255465955808
-0.03997784144350444158
0.63314160598548885339
0.43326610029821310821
-1.65425284103129421887
0.18818423189797359174
-0.91184828127591388558
-1.59161179645781403202
-0.70118427869048305379
1.68131314886318827817
0.09121875773220909644
-1.07438354916023293129
0.71616931385821858136
0.49169515686973308544
-0.30946618498960271060
0.55933786322913703337
-0.28433798688439598790
-1.27458154470393414393
-1.25788540050743180565
-0.13660000563713917132
-0.95835819169042757437
-0.52417428043858171893
0.05302283780424720677
0.14480248122609315486
-1.56550945681662345699
0.31320069011819107185
-0.09309326432154130249
0.64421237790316265848
0.85533650613521661210
-1.31677634263893317268
0.63482154060243811688
0.15759195044512194772
1.30107940111999864641
0.18840050200714622552
-0.73876764482371348741
-2.04634983751058241452
-1.01897109728136148199
-1.20793403254875908459
0.15468560098822747850
-1.34671378916705641871
-1.39893153259690583567
0.14187811933357874494
1.90603253107851422499
-0.86765970461891062104
-1.59634329279777587018
-2.32018726785479634245
-0.88567396834725664601
0.54115242960113352222
-0.17310222959603180359
0.02172714117653996510
0.67808684495051829710
1.46422514054573360553
-1.92764207613288829357
-0.43089202325617503853
-0.73049957067807635980
-0.67985539719053622587
-2.57371961766982471076
-1.30596482038388672642
1.20115620355051988533
0.68702344762683664747
0.09112414317453337853
0.71341599818939149813
-1.37253255975404253597
-0.15595069480847656429
-0.37259415174395299486
0.74935931779751885351
1.48141436795862335707
-0.87394613439878188199
1.08542860055773493499
0.05638674823527129593
1.27915484703760795604
0.98537544893748019170
-0.93272141255406193494
1.91506050404584371449
-1.43916298063686198816
0.21487519358917658852
1.58188927985700589218
-1.50495825553843598499
-0.33421168148817487209
-0.38716317410688444456
0.15992957234644608611
0.58325030668958122160
-0.28463598013094160155
0.43855560290806056001
2.17504689753659485874
1.55447875675921176608
1.73057220997463234724
0.54711886824533495499
-0.68993161260091961928
0.37106723748662601148
0.67908343906436863247
1.03384895435875723280
0.75787881626962350090
-0.60122905148063576775
-1.29143741951081225672
-1.36097002958135870898
-0.54779241723378191420
0.50671582421520477979
1.54762576009431862545
-0.09460561259995263483
0.92339103407309597316
-1.22509553040918572897
1.33860602501243874940
0.07696274163639460486
1.24297147822680620344
0.63708561427390619780
-0.64590335602377957347
-0.97365998944964637918
-2.30800931416609866886
-0.11480598986748866142
-0.14919323764518865882
-0.39517990916296769077
0.91461162941863238807
-0.01217531083714593759
0.68899261251594023925
0.76093554604734969793
0.27099185577575879424
-0.88573094321176348842
0.57399511216837462158
-0.42584677358196026953
-1.44998399410877820692
0.97398029898829696638
2.44611508179628422965
-0.79886839445607682464
0.01613467428222410335
1.23234925737473366425
-2.13156753329739157010
-1.92399462103679952385
-0.24660985449955913351
1.04767525810068851122
3.38765219613925872011
3.21239166967115652440
1.01657147139104653277
0.64107856683798336572
-0.57226014301606020762
-1.78241263724952259118
-0.09769224246077444496
0.17827115714268643165
0.09784439590099550110
1.65708127976153374306
0.11137829051108032175
1.60177561724713335423
0.77008613428594285821
0.80764263356097232283
-1.40512951196606850068
0.79412879578435058292
0.65696187972410291511
-0.69896296195457519040
0.38271743969752958225
0.45389961218176783087
0.55144079739849782840
0.72276474366758447498
1.16983725818686812303
0.08064165539894313506
0.54286445675260464050
0.01072158976648172717
0.98597685111799593383
-0.59723198232262963980
1.05303611132473329270
-1.21537636147663863362
0.88439776769706934800
-0.13848523676822394046
0.30855667483956283892
-0.34248900944776372590
-0.12682340081308021706
0.31647592048731715275
0.86802290691943029266
0.88554060635541098634
0.35197223859207732444
1.25437971115288360302
0.37408719567474718604
1.22010002851153598336
1.89753404401133130008
-1.17894955923429334277
-1.12798582918365508654
1.24924407608087317811
-0.15155198044367756971
0.47717248062393441410
1.56499151818684767434
-0.63864001366281086813
-0.97264393312841546102
0.09044615323577971655
0.18841478264393451969
0.52285624826058552106
0.50468440705690775783
-1.42542071699129579976
-0.20340609316955407526
-0.24064949110669253685
-2.34289670646364189821
-1.31507642933608059899
0.77196271821307205219
-1.10061897535574360063
0.24273740923953721071
-1.75902685951530823871
0.29468733278494069205
0.88153318266388080993
1.14182501497821276004
-0.43527628407518897946
-0.98019523349805071089
0.78425379345434875766
-0.04480207721394185993
0.05749609390095273415
1.22891694802423079302
1.82627927590685557035
-0.87513123475166798571
-0.48933198714626813253
0.08488918435259595885
0.67121208867109594109
1.34219612015607081545
0.56770328522356616752
-0.42854918346600823220
1.00237263917747942976
0.58151153136199840166
-0.16202803154873099412
0.59373982598858698889
0.20171941145759184066
1.82351518802479817261
-0.25082534549128998602
1.26699029258421247413
1.18633821524139060344
-0.53306390069472553428
0.68030103518314843924
0.89844678621606666180
1.63729168575111327932
-1.29659794000110628609
-0.80619496638067356109
0.16088482117828234452
-2.36622067174186945238
-1.52650376157518352649
-1.80832220209240390751
0.69978960669169520958
-0.63025456773795074383
3.00204994176135642192
0.81152393534830935540
0.81473279577303958643
-0.15989658733734463114
-0.31270454101774508571
0.81478207824469917053
1.17996794303749852340
1.45928213968045383808
1.37525951066567531100
1.09259206191682656240
-0.02478425053078323753
-0.02613141913939780181
-0.87914894181573677301
-0.13443902634159970999
0.39256181148235197442
-1.39124843800747077793
-0.40838823823912567823
-0.40759894083373665596
0.09374954241761646045
-0.32693087147690874650
-0.32310021114863135550
-1.30881141205465190147
-1.15875657608570858947
-1.29449763645433391090
0.30836808640961710370
0.43237561181097250440
-1.87302487712987697499
-1.12350149931258180835
-0.36929298765885654188
0.54320769579363359369
0.20910456266366880818
0.86053681008093663163
-1.35269533891595061803
-0.65608424510864926660
-1.35104686473287460835
0.08960349998459717080
-0.81471116321813707994
0.76226927982945402729
-1.68940218662583485632
0.08068269612187736750
-2.16231035228690160466
-0.90915447707977958824
-0.07867861872694346947
0.39814635593366315414
0.33213370350658327768
-1.75787052503363261380
0.47255797135030636058
0.79948446715282894814
-0.79839131100535820629
1.01606188729420043870
-0.56234738558007113518
-0.84779609352801477140
0.18699520556617504896
0.65682078765323015368
0.46235349057179925270
0.29775942892651618976
0.59155935048545216226
-0.31049691846349691815
0.68632414200650793124
0.62225782839901710997
-1.56015032015083709993
-0.57907525707243145963
0.94407339717425675651
-0.36157289205549592026
-0.61596831985840860835
-0.25691340904836507120
0.92829850721356821364
-1.25643548178320463293
0.78085146287383411234
0.79997074151263125597
0.50990389587163653662
-0.65111348905796440079
-1.12904468180041717140
0.91046925549246748854
0.41019165408766833369
0.12216280988396262253
0.18091193809133457315
0.40786658308155704367
0.36581200642318539851
1.19709274937996990040
0.66268558748939632164
0.08747292826356908857
0.97913018958739372888
1.89665972769744906046
0.25218066302065789142
0.98862311158331395156
-1.09109425961062900257
1.14914252946411266088
-0.56756745664103736004
-0.33694685251958211847
0.68412750374233344264
-0.40717208564798557102
-2.17960280048212506898
-1.98520529736381012853
-1.38516934741558306321
0.54621362679778673321
-0.49809964195674932830
-0.33224611064733883259
-1.07546235211736651571
1.87824013766191955099
-0.24180907813363669567
-0.80657462859980089132
0.25847438134159866907
-1.57179232604638952076
-0.52220133813255831257
0.09898240464011022477
2.08971180663699618307
0.29872794576601274796
0.31343034825753512962
0.77858486885360611574
1.03962898915106882747
-0.53543393936004701761
0.35690977860768469121
-1.69478750959301249779
0.47459584993935371999
-1.13220637834834780833
-0.16203140500250967637
0.20611397771259559741
-0.84558347580889670070
1.27663741275086128901
-0.51551324929927266894
-0.63192905080372974158
0.67817899082558141810
1.31861192842869989761
0.17744733590537456469
-1.05262820092065245703
1.04184667643526096548
-0.75425474987839513652
-2.02535814736708763562
-0.99381322160919316477
1.54174070222690318133
2.05963320883866618516
0.21559438274064024466
0.09245269035187349271
-1.78014935879690594511
-1.79655728639417278103
0.74997818107396019283
-0.24970713668545294062
-0.78048668233518880832
-0.52223224534819456810
-0.47277442989045703747
-0.12407896973391120687
-1.09285851891196816865
0.20903777690767380570
0.27831853940996037489
0.82525074524673858178
-0.50230257939153744040
1.58885837962604914431
-0.33144632202880869309
0.53682025317843184986
-0.45739986521672082453
1.70733820388939938617
-0.47673615897124466123
0.92812886464248289808
-0.35640706430773722024
0.94490141705337737932
1.09116004156954304882
-0.15975553927844513002
-0.33399478068939525421
-0.56206112261720608814
-0.19080166182494825988
-0.43256297660105097469
-1.88027510605711589697
-0.27137719769582901996
0.29138238198535187928
-0.75275708170077326731
-0.64402337994795910703
-0.60683981767506611771
-0.03994165444607592624
-0.81843830275682238895
-1.24489392311687918635
1.54322982406115438714
-0.55739948114024695514
0.54163444970171970017
-1.17191523910027028954
1.97637906673454954998
0.00926047588340720047
1.16491727639343189971
0.77126865479318951202
-0.00831825985377412230
0.31477640691457275945
-0.62206572228405787595
0.11302761991278371945
0.85582846035574333676
-0.53551405359472847856
-0.56984797184827784555
-0.20484304859289698131
0.76043702698024517872
-0.98510604724481254379
-1.05104682537322791092
-0.29088583801441098009
-0.26484101104948476468
0.69013006616653227443
1.07739176240520229122
-1.06652814090852210427
-1.90460662118514467700
-1.57078992270134065734
-1.19828557022182624614
-1.28939259352732382702
-0.08752399577281183563
-0.41260436463731225976
1.60506046551839465231
0.73810340555951270414
-0.02605550754454945619
-1.23875580771851012685
0.15699981470578858178
0.34632936930831048628
0.44458758832373052039
-0.36761769062689747534
-1.00165014442018329710
1.56796964084256296168
-0.54957781211350997808
0.04343651087981705017
0.69352276808458857005
0.02636060318578184805
-0.76754297340317922949
1.63564561147549958342
-2.78654739191713707314
0.47040550973247535760
1.50584881992211627733
-0.13390377539909775750
-0.11311177403081580650
-0.61749523797052752183
2.43191954743746441281
1.62227306115016833843
-0.03338395688152508839
-0.25417328558302942909
-0.81862434847870768628
1.53746535485854307623
-1.60648616583060910301
-0.86621729558015103656
-0.43836513417604289211
-1.08958632329992632926
-1.22077484335281960526
0.70743412158069673978
-0.06986402696397876755
-0.48631217499428669448
-0.25662262714415223774
-0.10698370661529903181
-0.94886955073012557715
-0.21128248100571683787
-0.86031194207792116568
0.80873178558974678776
0.48924577921977241424
-0.34718915962109392348
0.33116241785019068233
-0.85171963359754454537
-0.61064882984504242902
-0.62117705032279091348
0.20704791842394992818
0.05343398394572853455
-2.02797865967681545385
-0.98028655015005661255
-0.48799243976127615330
-0.21525699529909972374
-0.51344604337116528381
0.65439397663365750368
1.29586829495596123074
1.00714140111907135555
0.38694638454535518202
1.08253278626448778965
1.18261833591971465829
0.55482781495695610019
1.99557918938698497513
-0.25286494183827978866
0.34802050211954788095
-0.45511343954083455232
-0.63570741680725129097
-0.97985656678104926520
-0.76149203320905878289
-1.28354682582342483066
-0.30125030029579574764
-0.70723176549076327557
1.55702616267397297989
0.52793329983783765513
-1.93426216622645363863
1.16869127137958739304
-0.53418183729029289353
-1.57792674948186806283
0.53117162764544101350
1.22511521695696434797
0.29168577356082409091
0.40392554077869713414
-0.79831266998345695729
-0.14949182493747803502
-0.09831089970219644703
-0.23104020620170268030
0.73319078365046219670
-0.77298181518099362552
-0.32230526100366835296
-0.44751897919159383532
0.41500623942849007575
1.25908713763592094992
1.77640818898443364482
2.09160763818360662114
-1.00456650796643209844
-0.73112597068625040375
1.94210083189885063248
0.37535998965125016991
-0.55278795613379272389
1.40117547842847622874
-1.55372072838354213786
-0.46397703360068626166
-0.93772308434990270243
1.11893721629205411539
1.95680674465721327060
0.74188465817064064289
1.49709833261134805937
1.56350035114913898937
0.69660451775161724708
-0.50850461909378708025
0.90790385816669283425
0.33005997924748048389
-1.11997560635349469038
-0.55851610105396831685
1.49584858112077578873
-1.15252476784046420377
0.32379868675376510812
-0.76135083409849713121
0.55999754348641972435
-0.98424192298403667678
-1.25663486268408552959
0.22173361935145807777
-0.88610561138847732110
1.30923439677819697380
0.52113989901823165596
-0.34122209943124798270
-0.34656078931386835595
-1.99823740481206901798
-0.01051225876516006380
2.18382176734830446563
0.30775053652498179924
-1.02435925743257261189
0.33472453308789529292
0.72875456186967957350
-1.32284381849073651161
0.52678526588567087252
1.42816055555975074398
0.22815075972554887951
-0.30052779339867863317
-1.01430781518346702086
0.07012762662866028895
-1.01091115325701941252
-0.33205966929389879594
-0.41650067212575886400
-0.04730529975628103290
0.46551100155151925453
-0.42129302321895106820
0.06963048933542058394
-1.71378648059199112375
1.00233616637073796873
-0.99138469894037095642
-0.28071603342650819357
0.16986814100046140896
0.89489780519974404527
-0.80102224025788015815
0.02682233927210071756
-0.58776096533689414780
-1.08704137231611164260
-0.03633486338516574155
-0.17055750136516895088
-0.04071661597878584171
-1.03047740559628353552
-0.51447231021607042756
0.33314571596154562982
0.69451945637897438690
-0.27043091695802728980
1.99011180487350936019
-1.01639128881210738520
-1.34064387881803459557
1.63476821642732517148
-0.92742311591095949463
-0.18909136566346707031
-0.99147244905142051241
-1.17345072955218010513
-0.77347136255148596362
-0.16288261781444293708
-0.44774016450228448782
0.86720801946487735545
-0.41850431076308519662
1.26912334865127540695
-0.82238408305718713187
-1.55953167137888826232
0.29489214030902444197
1.32029383095106189749
-0.23276500799871638336
1.23536953270765881285
-0.24345094467593994536
-0.63269415616749746789
-1.23841123120066431973
1.07072273914270010842
-1.29580653227475206535
-0.32623289952772099864
-0.77929870537443723943
-0.77321417694109983998
-0.28368570905809187277
0.14332778226461126425
0.23603522366402532318
-0.84445068942558332292
0.34079174915779941735
0.51499265700590812767
-0.14023908475347607316
-0.22724598127904743761
-1.20921595056227237919
0.31033896932240062627
1.64615588450090521988
0.74914308260524797856
-0.11499788896090495927
0.57648555609626983554
0.18509554089201929461
0.57287951419834637345
0.12326669047179944494
0.00956076357760194707
1.58983051057155022612
0.12317125057036382163
0.63841668129816875332
0.77802504885228718212
1.32695756741550074942
-0.15564359843257954963
0.62847516024999605655
0.06559426835121004440
-0.48295592008455773270
-0.10224728391466068878
0.60433133364223678985
-0.74714328429564236256
1.58327374171028356642
1.88380807351787993298
-0.72903676548062701368
-0.34690113340422362720
0.46162007081440115108
0.40287870613566939548
1.38498633843396956600
-0.07139959123967884458
1.59423070226049135023
-0.83500271389451519166
0.08034744300293764074
0.32348949167306756403
-0.96689503151809130799
0.05918853878969723009
-0.26517437165651408515
0.85769260797295565624
0.54568617169238931019
1.85375176248034367887
0.99609664077129800308
0.10289138362326395726
-1.91838187611468402594
-0.13106782428104052363
-0.76863166681707872918
2.38995183630679708386
0.07724567959133957218
0.37560745023340852411
0.39556416936787730521
-0.11249908896048552154
-1.82903670221613312563
2.09145219348347843891
0.35909312220124378623
-0.79434474702678692370
-0.22731164066134215695
1.59382135488806486734
0.15520563382674926189
0.17859562900297903942
-0.33773084599208325063
-1.52499188975933042123
-0.70940664667282160583
-0.86661663365224472777
0.07148110839953644713
0.15562063581539223311
-0.18219139268446782332
0.73101584111958162193
-0.34756806580692184427
0.23442400798144602536
-0.86772936409388434775
-0.98253858503060265139
-0.29357242375327913253
0.82446963631241454440
0.19413316926540341578
0.29769161930929805004
-0.71012508212938263430
-0.68767410135748296973
0.57283812483950613537
0.44521760367790375046
-1.32595925914607071228
-1.49987540945822006577
1.01596822718729251633
-0.02751578834622905520
-0.16044557980861470781
0.37883517610546496579
-0.10716072249907737657
0.21283509315953025309
0.46806391670861757781
-1.61607434104670688590
0.01473800619735952597
-0.03776434767205828075
0.40380900009311393450
0.30525439285092775821
-1.24311011200712417946
0.13185918869913515472
-0.99947508351036362662
-0.35421345818508981340
0.10558871537972472354
0.95542626643090244887
0.46479897799135333480
0.26670638822706282944
-1.42322334232221248129
0.11105730902622701350
1.17285538956588086812
-2.11558331822510936604
0.46216113959481136542
-2.45990316165611444532
-0.30485718475158773977
0.39823325391367814241
-1.70578655053756134130
0.75940981180842836995
0.20323761868334427882
0.95868278992227295987
0.48682974787947486117
-0.44590444136972989808
0.32567307426214314736
-0.02009780648140742018
-1.88847557535878762813
0.33836146832009200702
0.33780540287940391542
0.42433121858231648282
0.11287078734861245854
-0.11827036575813448804
-2.68628622034279507247
1.54835619100505939016
-0.92437868406001577615
-0.72040490902555764929
0.83350531035866248786
-0.56649185628868159448
-0.99915099624077918783
0.64126705212804702150
-0.25395009085808467608
-1.12169999042679946477
1.64792685460080812199
-0.30667757004699158774
-0.77404140889205996778
-1.35423958429840207707
-0.32592678918795287002
1.55321631535265569646
0.62813120976932557138
-1.02754618141244979945
-0.20194229402517888117
0.86106602555594924375
1.55815736336427113073
-0.12968111746312649402
-0.81777231523383064893
0.28850644461150398712
-1.13137904237091446724
0.88131706532049025604
-0.94421369775660879409
-0.62159192383375505564
-1.99105234222674143396
-0.95195327367889059911
0.25794899510410895793
1.19819722491019486910
1.10896678242083912558
-1.61266671457190291505
-0.35662964259810764345
-0.00861645885063216758
-0.01461395766844194276
0.21708765627221648931
0.18019073184821640665
-0.52051640547461475172
-0.23958190615528096590
-0.69301523014113020071
-0.68491078611608058324
0.93260276073877734770
-1.20855099559773893070
-0.36078550385885954643
-1.18236947813095150117
0.64465760203602606726
-1.08883287024746833183
-1.69847454979563861066
-1.29035961821864031407
0.54562674373813768725
2.13534953575729602449
-0.57685874533512537798
0.82518905368286743496
1.61310415560195430373
1.21592218233776305780
1.61391130280902039829
-0.59993880316936565311
1.04008000906304420852
-0.24440684137626308980
-1.48506674965086848950
-0.35617862701569258377
0.35452355911058852644
1.83491287430936766967
0.89769246795444834763
0.25230230031060502105
0.98402783630637358225
-0.51456092444929146801
-1.31065363515776267533
-0.68731566401622801177
-1.18546461925071366927
0.98238861191443049847
-0.13534656834869188136
-1.19003996771486120210
-0.20730962487743273548
-0.84561518635872512384
-0.31429512711195417562
1.42428031134983101857
1.49147685414137609605
-0.74404839267312261608
-0.37437698073626141104
0.42410689081403663003
0.11411570879138822898
-0.51109795760458331948
1.02233722060235043827
-1.41918384325539315149
2.54667933214570174627
-0.35795550229109190932
0.40131842671989287341
-0.70619482967574154220
-1.02066339488081769815
1.13396082991119029337
0.03854533202678309123
0.23091272645657368034
0.12573352034111401343
0.69628561320824000624
1.73947365147501553650
0.66537738559945236450
0.68753180487169707202
1.23896871529086594066
0.89866306761368308642
-1.15009807719898149436
-0.26418046294059377432
-1.62518045233165686625
0.58164259898568715368
1.90249272905158584024
1.58009427643781119599
0.92102905498112463967
-0.93790246021643974839
-0.73718621137327422499
0.17978078600846200685
-0.13183047407334272383
0.86792689346530493832
1.31439188441996246404
-0.25111955166282268204
-0.07175951213711907750
1.09520871099521865943
0.48928036778196981604
-1.68015369718105933572
-0.81152545967954570205
-0.75222489081326482374
-1.32591909291338594379
-0.18148085498384514125
0.13141548695607976893
1.39382994884042910044
0.70621342277780196905
1.16284681064975292664
-0.75368772370731129673
0.32192470229602021536
1.63570420209550615454
-0.64779452289482930549
0.67326330206559503733
1.27355549913880228274
-1.03981182138251360136
0.48795002644393781210
-0.90675360409376370985
-0.47470307498790381695
-0.66608672796019996465
-0.50201961515707915762
-0.30888601982415081482
-0.83690129663981227548
-0.62832389376753161603
0.50090345770123689828
1.67025361226242097246
-1.54173010203999427681
-0.27200912214132511036
0.34164673761744313030
0.48436692860951713335
0.95268421709820538812
0.13135013046750937393
-1.74191327333003798117
0.66776131105702218882
0.89815587682347763909
-0.54931555817659827312
-0.31750026273285086864
-0.58269331134194357613
-0.16421093111128481912
-0.93513325076093622990
1.18810740795720382046
